




Target,Range,Elv,Wnd1,Wnd2
1,2,3,4,5
